Team Name:2013-11395
Member 1 :HeeHoon Kim:2013-11395
20328
2592
13352
24040
6640
17624
26240
12472
11880
21680
32760
4016
7168
464
11328
18112
10016
9192
18912
24432
4176
5784
5080
26080
30784
11168
16192
17768
448
22208
28112
19576
25680
14344
5592
3144
17248
19160
8992
7928
6304
13464
20288
23424
24832
23696
8368
14136
14136
1264
13096
25904
4432
5784
28120
28184
28504
9992
30544
19472
11440
8416
14440
18944
11024
26408
12280
19208
4544
4688
28088
30072
10632
13944
16400
17216
8600
20536
27048
28016
26288
9136
9800
7272
8408
28040
8472
31656
7280
8000
22600
29456
32328
30976
11808
8896
27328
15904
14576
12656
8576
26824
5976
5000
10792
9240
21768
3808
10208
31936
30016
13872
25240
19480
24600
29840
10000
10000
2280
2888
30416
29752
21992
19856
12208
30904
26104
23896
10832
17000
24376
3184
10136
14600
24072
32248
28200
28232
31928
30104
23064
15880
29504
22656
8520
19384
9816
26440
27560
27168
21712
23696
26056
11272
8688
25240
21888
1656
26904
5904
9600
27336
30968
7488
6808
16176
22472
27016
19752
7808
31640
24224
14480
30128
21752
24824
8320
19424
19360
3584
26320
21408
30632
17984
22272
1656
22168
22096
25200
2760
6040
18568
27000
10920
25800
5520
12448
29880
28800
24904
22672
26544
11328
6088
21808
11648
15800
12856
12248
29248
31120
31936
21824
30800
30248
29104
18152
25640
32384
6040
10936
13232
5792
16888
7496
14024
17232
31128
22408
24560
27240
27008
13072
16408
8968
11104
11824
23512
30432
8768
8864
15696
28976
30264
28064
25032
24472
12768
27152
13536
5632
30184
12400
19720
5320
14304
32408
16424
1648
6416
11336
10848
9264
24816
20736
24544
22856
20304
10904
20968
10872
23616
30464
19632
23984
13784
19968
6440
24632
29328
11240
27712
20392
7984
16936
28632
18480
23736
31104
28728
20680
16400
17352
19360
27080
26832
32480
25376
19632
16952
29200
29672
23920
25664
24064
9896
12384
7736
11336
15440
19680
30392
6904
26952
4272
9136
28512
14816
25096
26016
12888
12032
15408
8968
28608
20792
6896
22312
30600
22696
23312
29448
26248
10144
29192
23128
9536
7224
18912
27256
31592
17128
8504
24504
25088
8384
31416
25016
17184
15744
7648
27264
22776
26376
15224
28496
27456
31424
18360
28648
32008
8960
24288
14096
20048
8832
19344
21160
28856
28400
21272
25056
13248
15576
11840
27952
28360
21408
29712
28000
27536
32456
26256
18840
21672
22480
19088
32584
32496
26664
14256
17112
29104
13272
9208
23992
13192
11288
12272
25880
16192
32744
32616
30272
13904
27472
14136
18912
30024
26704
12424
27480
12560
9240
32512
28792
20000
16040
27592
27688
10248
28248
18624
20192
23352
22832
21280
13888
29872
27064
15464
7296
20096
7688
21912
26936
29096
29976
18648
14552
22024
31232
24280
25920
15208
9984
10736
7064
31760
24152
10880
29520
18560
26648
26704
18936
20000
29960
24656
28096
19440
24672
22016
27832
27888
30696
27560
30272
22288
27584
19744
23032
29800
26888
15536
23960
12120
26384
25384
17800
15376
15512
17808
30144
26120
25536
32560
27880
23080
26888
32136
31496
27952
21920
23064
28768
29872
15864
27088
13616
15384
23112
26056
15480
27760
17800
28384
26952
16024
29456
14568
17656
20336
10960
28704
18200
31712
31160
12808
22656
13384
10576
11952
8272
29840
23376
29752
31056
24280
25680
20768
27696
25624
12936
22032
29872
22680
32224
32632
30608
27000
28104
29760
29240
18232
24736
26416
27984
30544
28672
13048
16912
16640
19248
30248
24120
19616
29400
31144
32368
29232
24528
30008
23032
12864
28264
21936
13848
13672
14440
19984
27360
31424
27504
21800
32296
20088
31632
25168
14816
30232
26104
28496
20504
20072
32056
30304
26704
32464
31904
26680
32560
25520
25856
31248
30416
32592
21848
27904
23208
28776
31072
25704
26456
29880
16600
25608
16840
16104
27960
24848
29064
21592
27568
12128
20128
14376
29576
29304
30872
14680
18224
20584
28224
30488
30656
31056
16024
17200
19512
20776
23848
13312
31376
29312
14608
21464
17136
20016
16088
19400
29880
24264
25976
30096
16200
30648
27520
27472
29280
31040
29952
32000
27456
31048
27400
28832
18656
24496
19632
25768
18592
27528
29840
30696
29448
31464
31032
26744
32632
26208
30304
24480
23024
31344
17816
15744
31728
19560
25440
21352
31312
22048
25872
31864
32128
23032
25776
24440
27056
26112
26184
32568
25232 904
26368
26184
22728
23344
18480
31576
28152
32104
29064
28400
32440
25616
31016
32240
26320
32072
28160
29392
21688
22408
31280
31936
31720
21296
25840
32384
30680
27576
32312
32192
28616
31448
28880
29104
31720
32328
20328
2592
13352
24040
6640
17624
26240
12472
11880
21680
32760
4016
7168
464
11328
18112
10016
9192
18912
24432
4176
5784
5080
26080
30784
11168
16192
17768
448
22208
28112
19576
25680
14344
5592
3144
17248
19160
8992
7928
6304
13464
20288
23424
24832
23696
8368
14136
14136
1264
13096
25904
4432
5784
28120
28184
28504
9992
30544
19472
11440
8416
14440
18944
11024
26408
12280
19208
4544
4688
28088
30072
10632
13944
16400
17216
8600
20536
27048
28016
26288
9136
9800
7272
8408
28040
8472
31656
7280
8000
22600
29456
32328
30976
11808
8896
27328
15904
14576
12656
8576
26824
5976
5000
10792
9240
21768
3808
10208
31936
30016
13872
25240
19480
24600
29840
10000
10000
2280
2888
30416
29752
21992
19856
12208
30904
26104
23896
10832
17000
24376
3184
10136
14600
24072
32248
28200
28232
31928
30104
23064
15880
29504
22656
8520
19384
9816
26440
27560
27168
21712
23696
26056
11272
8688
25240
21888
1656
26904
5904
9600
27336
30968
7488
6808
16176
22472
27016
19752
7808
31640
24224
14480
30128
21752
24824
8320
19424
19360
3584
26320
21408
30632
17984
22272
1656
22168
22096
25200
2760
6040
18568
27000
10920
25800
5520
12448
29880
28800
24904
22672
26544
11328
6088
21808
11648
15800
12856
12248
29248
31120
31936
21824
30800
30248
29104
18152
25640
32384
6040
10936
13232
5792
16888
7496
14024
17232
31128
22408
24560
27240
27008
13072
16408
8968
11104
11824
23512
30432
8768
8864
15696
28976
30264
28064
25032
24472
12768
27152
13536
5632
30184
12400
19720
5320
14304
32408
16424
1648
6416
11336
10848
9264
24816
20736
24544
22856
20304
10904
20968
10872
23616
30464
19632
23984
13784
19968
6440
24632
29328
11240
27712
20392
7984
16936
28632
18480
23736
31104
28728
20680
16400
17352
19360
27080
26832
32480
25376
19632
16952
29200
29672
23920
25664
24064
9896
12384
7736
11336
15440
19680
30392
6904
26952
4272
9136
28512
14816
25096
26016
12888
12032
15408
8968
28608
20792
6896
22312
30600
22696
23312
29448
26248
10144
29192
23128
9536
7224
18912
27256
31592
17128
8504
24504
25088
8384
31416
25016
17184
15744
7648
27264
22776
26376
15224
28496
27456
31424
18360
28648
32008
8960
24288
14096
20048
8832
19344
21160
28856
28400
21272
25056
13248
15576
11840
27952
28360
21408
29712
28000
27536
32456
26256
18840
21672
22480
19088
32584
32496
26664
14256
17112
29104
13272
9208
23992
13192
11288
12272
25880
16192
32744
32616
30272
13904
27472
14136
18912
30024
26704
12424
27480
12560
9240
32512
28792
20000
16040
27592
27688
10248
28248
18624
20192
23352
22832
21280
13888
29872
27064
15464
7296
20096
7688
21912
26936
29096
29976
18648
14552
22024
31232
24280
25920
15208
9984
10736
7064
31760
24152
10880
29520
18560
26648
26704
18936
20000
29960
24656
28096
19440
24672
22016
27832
27888
30696
27560
30272
22288
27584
19744
23032
29800
26888
15536
23960
12120
26384
25384
17800
15376
15512
17808
30144
26120
25536
32560
27880
23080
26888
32136
31496
27952
21920
23064
28768
29872
15864
27088
13616
15384
23112
26056
15480
27760
17800
28384
26952
16024
29456
14568
17656
20336
10960
28704
18200
31712
31160
12808
22656
13384
10576
11952
8272
29840
23376
29752
31056
24280
25680
20768
27696
25624
12936
22032
29872
22680
32224
32632
30608
27000
28104
29760
29240
18232
24736
26416
27984
30544
28672
13048
16912
16640
19248
30248
24120
19616
29400
31144
32368
29232
24528
30008
23032
12864
28264
21936
13848
13672
14440
19984
27360
31424
27504
21800
32296
20088
31632
25168
14816
30232
26104
28496
20504
20072
32056
30304
26704
32464
31904
26680
32560
25520
25856
31248
30416
32592
21848
27904
23208
28776
31072
25704
26456
29880
16600
25608
16840
16104
27960
24848
29064
21592
27568
12128
20128
14376
29576
29304
30872
14680
18224
20584
28224
30488
30656
31056
16024
17200
19512
20776
23848
13312
31376
29312
14608
21464
17136
20016
16088
19400
29880
24264
25976
30096
16200
30648
27520
27472
29280
31040
29952
32000
27456
31048
27400
28832
18656
24496
19632
25768
18592
27528
29840
30696
29448
31464
31032
26744
32632
26208
30304
24480
23024
31344
17816
15744
31728
19560
25440
21352
31312
22048
25872
31864
32128
23032
25776
24440
27056
26112
26184
32568
25232 904
26368
26184
22728
23344
18480
31576
28152
32104
29064
28400
32440
25616
31016
32240
26320
32072
28160
29392
21688
22408
31280
31936
31720
21296
25840
32384
30680
27576
32312
32192
28616
31448
28880
29104
31720
32328
20328
2592
13352
24040
6640
17624
26240
12472
11880
21680
32760
4016
7168
464
11328
18112
10016
9192
18912
24432
4176
5784
5080
26080
30784
11168
16192
17768
448
22208
28112
19576
25680
14344
5592
3144
17248
19160
8992
7928
6304
13464
20288
23424
24832
23696
8368
14136
14136
1264
13096
25904
4432
5784
28120
28184
28504
9992
30544
19472
11440
8416
14440
18944
11024
26408
12280
19208
4544
4688
28088
30072
10632
13944
16400
17216
8600
20536
27048
28016
26288
9136
9800
7272
8408
28040
8472
31656
7280
8000
22600
29456
32328
30976
11808
8896
27328
15904
14576
12656
8576
26824
5976
5000
10792
9240
21768
3808
10208
31936
30016
13872
25240
19480
24600
29840
10000
10000
2280
2888
30416
29752
21992
19856
12208
30904
26104
23896
10832
17000
24376
3184
10136
14600
24072
32248
28200
28232
31928
30104
23064
15880
29504
22656
8520
19384
9816
26440
27560
27168
21712
23696
26056
11272
8688
25240
21888
1656
26904
5904
9600
27336
30968
7488
6808
16176
22472
27016
19752
7808
31640
24224
14480
30128
21752
24824
8320
19424
19360
3584
26320
21408
30632
17984
22272
1656
22168
22096
25200
2760
6040
18568
27000
10920
25800
5520
12448
29880
28800
24904
22672
26544
11328
6088
21808
11648
15800
12856
12248
29248
31120
31936
21824
30800
30248
29104
18152
25640
32384
6040
10936
13232
5792
16888
7496
14024
17232
31128
22408
24560
27240
27008
13072
16408
8968
11104
11824
23512
30432
8768
8864
15696
28976
30264
28064
25032
24472
12768
27152
13536
5632
30184
12400
19720
5320
14304
32408
16424
1648
6416
11336
10848
9264
24816
20736
24544
22856
20304
10904
20968
10872
23616
30464
19632
23984
13784
19968
6440
24632
29328
11240
27712
20392
7984
16936
28632
18480
23736
31104
28728
20680
16400
17352
19360
27080
26832
32480
25376
19632
16952
29200
29672
23920
25664
24064
9896
12384
7736
11336
15440
19680
30392
6904
26952
4272
9136
28512
14816
25096
26016
12888
12032
15408
8968
28608
20792
6896
22312
30600
22696
23312
29448
26248
10144
29192
23128
9536
7224
18912
27256
31592
17128
8504
24504
25088
8384
31416
25016
17184
15744
7648
27264
22776
26376
15224
28496
27456
31424
18360
28648
32008
8960
24288
14096
20048
8832
19344
21160
28856
28400
21272
25056
13248
15576
11840
27952
28360
21408
29712
28000
27536
32456
26256
18840
21672
22480
19088
32584
32496
26664
14256
17112
29104
13272
9208
23992
13192
11288
12272
25880
16192
32744
32616
30272
13904
27472
14136
18912
30024
26704
12424
27480
12560
9240
32512
28792
20000
16040
27592
27688
10248
28248
18624
20192
23352
22832
21280
13888
29872
27064
15464
7296
20096
7688
21912
26936
29096
29976
18648
14552
22024
31232
24280
25920
15208
9984
10736
7064
31760
24152
10880
29520
18560
26648
26704
18936
20000
29960
24656
28096
19440
24672
22016
27832
27888
30696
27560
30272
22288
27584
19744
23032
29800
26888
15536
23960
12120
26384
25384
17800
15376
15512
17808
30144
26120
25536
32560
27880
23080
26888
32136
31496
27952
21920
23064
28768
29872
15864
27088
13616
15384
23112
26056
15480
27760
17800
28384
26952
16024
29456
14568
17656
20336
10960
28704
18200
31712
31160
12808
22656
13384
10576
11952
8272
29840
23376
29752
31056
24280
25680
20768
27696
25624
12936
22032
29872
22680
32224
32632
30608
27000
28104
29760
29240
18232
24736
26416
27984
30544
28672
13048
16912
16640
19248
30248
24120
19616
29400
31144
32368
29232
24528
30008
23032
12864
28264
21936
13848
13672
14440
19984
27360
31424
27504
21800
32296
20088
31632
25168
14816
30232
26104
28496
20504
20072
32056
30304
26704
32464
31904
26680
32560
25520
25856
31248
30416
32592
21848
27904
23208
28776
31072
25704
26456
29880
16600
25608
16840
16104
27960
24848
29064
21592
27568
12128
20128
14376
29576
29304
30872
14680
18224
20584
28224
30488
30656
31056
16024
17200
19512
20776
23848
13312
31376
29312
14608
21464
17136
20016
16088
19400
29880
24264
25976
30096
16200
30648
27520
27472
29280
31040
29952
32000
27456
31048
27400
28832
18656
24496
19632
25768
18592
27528
29840
30696
29448
31464
31032
26744
32632
26208
30304
24480
23024
31344
17816
15744
31728
19560
25440
21352
31312
22048
25872
31864
32128
23032
25776
24440
27056
26112
26184
32568
25232 904
26368
26184
22728
23344
18480
31576
28152
32104
29064
28400
32440
25616
31016
32240
26320
32072
28160
29392
21688
22408
31280
31936
31720
21296
25840
32384
30680
27576
32312
32192
28616
31448
28880
29104
31720
32328
20328
2592
13352
24040
6640
17624
26240
12472
11880
21680
32760
4016
7168
464
11328
18112
10016
9192
18912
24432
4176
5784
5080
26080
30784
11168
16192
17768
448
22208
28112
19576
25680
14344
5592
3144
17248
19160
8992
7928
6304
13464
20288
23424
24832
23696
8368
14136
14136
1264
13096
25904
4432
5784
28120
28184
28504
9992
30544
19472
11440
8416
14440
18944
11024
26408
12280
19208
4544
4688
28088
30072
10632
13944
16400
17216
8600
20536
27048
28016
26288
9136
9800
7272
8408
28040
8472
31656
7280
8000
22600
29456
32328
30976
11808
8896
27328
15904
14576
12656
8576
26824
5976
5000
10792
9240
21768
3808
10208
31936
30016
13872
25240
19480
24600
29840
10000
10000
2280
2888
30416
29752
21992
19856
12208
30904
26104
23896
10832
17000
24376
3184
10136
14600
24072
32248
28200
28232
31928
30104
23064
15880
29504
22656
8520
19384
9816
26440
27560
27168
21712
23696
26056
11272
8688
25240
21888
1656
26904
5904
9600
27336
30968
7488
6808
16176
22472
27016
19752
7808
31640
24224
14480
30128
21752
24824
8320
19424
19360
3584
26320
21408
30632
17984
22272
1656
22168
22096
25200
2760
6040
18568
27000
10920
25800
5520
12448
29880
28800
24904
22672
26544
11328
6088
21808
11648
15800
12856
12248
29248
31120
31936
21824
30800
30248
29104
18152
25640
32384
6040
10936
13232
5792
16888
7496
14024
17232
31128
22408
24560
27240
27008
13072
16408
8968
11104
11824
23512
30432
8768
8864
15696
28976
30264
28064
25032
24472
12768
27152
13536
5632
30184
12400
19720
5320
14304
32408
16424
1648
6416
11336
10848
9264
24816
20736
24544
22856
20304
10904
20968
10872
23616
30464
19632
23984
13784
19968
6440
24632
29328
11240
27712
20392
7984
16936
28632
18480
23736
31104
28728
20680
16400
17352
19360
27080
26832
32480
25376
19632
16952
29200
29672
23920
25664
24064
9896
12384
7736
11336
15440
19680
30392
6904
26952
4272
9136
28512
14816
25096
26016
12888
12032
15408
8968
28608
20792
6896
22312
30600
22696
23312
29448
26248
10144
29192
23128
9536
7224
18912
27256
31592
17128
8504
24504
25088
8384
31416
25016
17184
15744
7648
27264
22776
26376
15224
28496
27456
31424
18360
28648
32008
8960
24288
14096
20048
8832
19344
21160
28856
28400
21272
25056
13248
15576
11840
27952
28360
21408
29712
28000
27536
32456
26256
18840
21672
22480
19088
32584
32496
26664
14256
17112
29104
13272
9208
23992
13192
11288
12272
25880
16192
32744
32616
30272
13904
27472
14136
18912
30024
26704
12424
27480
12560
9240
32512
28792
20000
16040
27592
27688
10248
28248
18624
20192
23352
22832
21280
13888
29872
27064
15464
7296
20096
7688
21912
26936
29096
29976
18648
14552
22024
31232
24280
25920
15208
9984
10736
7064
31760
24152
10880
29520
18560
26648
26704
18936
20000
29960
24656
28096
19440
24672
22016
27832
27888
30696
27560
30272
22288
27584
19744
23032
29800
26888
15536
23960
12120
26384
25384
17800
15376
15512
17808
30144
26120
25536
32560
27880
23080
26888
32136
31496
27952
21920
23064
28768
29872
15864
27088
13616
15384
23112
26056
15480
27760
17800
28384
26952
16024
29456
14568
17656
20336
10960
28704
18200
31712
31160
12808
22656
13384
10576
11952
8272
29840
23376
29752
31056
24280
25680
20768
27696
25624
12936
22032
29872
22680
32224
32632
30608
27000
28104
29760
29240
18232
24736
26416
27984
30544
28672
13048
16912
16640
19248
30248
24120
19616
29400
31144
32368
29232
24528
30008
23032
12864
28264
21936
13848
13672
14440
19984
27360
31424
27504
21800
32296
20088
31632
25168
14816
30232
26104
28496
20504
20072
32056
30304
26704
32464
31904
26680
32560
25520
25856
31248
30416
32592
21848
27904
23208
28776
31072
25704
26456
29880
16600
25608
16840
16104
27960
24848
29064
21592
27568
12128
20128
14376
29576
29304
30872
14680
18224
20584
28224
30488
30656
31056
16024
17200
19512
20776
23848
13312
31376
29312
14608
21464
17136
20016
16088
19400
29880
24264
25976
30096
16200
30648
27520
27472
29280
31040
29952
32000
27456
31048
27400
28832
18656
24496
19632
25768
18592
27528
29840
30696
29448
31464
31032
26744
32632
26208
30304
24480
23024
31344
17816
15744
31728
19560
25440
21352
31312
22048
25872
31864
32128
23032
25776
24440
27056
26112
26184
32568
25232 904
26368
26184
22728
23344
18480
31576
28152
32104
29064
28400
32440
25616
31016
32240
26320
32072
28160
29392
21688
22408
31280
31936
31720
21296
25840
32384
30680
27576
32312
32192
28616
31448
28880
29104
31720
32328
20328
2592
13352
24040
6640
17624
26240
12472
11880
21680
32760
4016
7168
464
11328
18112
10016
9192
18912
24432
4176
5784
5080
26080
30784
11168
16192
17768
448
22208
28112
19576
25680
14344
5592
3144
17248
19160
8992
7928
6304
13464
20288
23424
24832
23696
8368
14136
14136
1264
13096
25904
4432
5784
28120
28184
28504
9992
30544
19472
11440
8416
14440
18944
11024
26408
12280
19208
4544
4688
28088
30072
10632
13944
16400
17216
8600
20536
27048
28016
26288
9136
9800
7272
8408
28040
8472
31656
7280
8000
22600
29456
32328
30976
11808
8896
27328
15904
14576
12656
8576
26824
5976
5000
10792
9240
21768
3808
10208
31936
30016
13872
25240
19480
24600
29840
10000
10000
2280
2888
30416
29752
21992
19856
12208
30904
26104
23896
10832
17000
24376
3184
10136
14600
24072
32248
28200
28232
31928
30104
23064
15880
29504
22656
8520
19384
9816
26440
27560
27168
21712
23696
26056
11272
8688
25240
21888
1656
26904
5904
9600
27336
30968
7488
6808
16176
22472
27016
19752
7808
31640
24224
14480
30128
21752
24824
8320
19424
19360
3584
26320
21408
30632
17984
22272
1656
22168
22096
25200
2760
6040
18568
27000
10920
25800
5520
12448
29880
28800
24904
22672
26544
11328
6088
21808
11648
15800
12856
12248
29248
31120
31936
21824
30800
30248
29104
18152
25640
32384
6040
10936
13232
5792
16888
7496
14024
17232
31128
22408
24560
27240
27008
13072
16408
8968
11104
11824
23512
30432
8768
8864
15696
28976
30264
28064
25032
24472
12768
27152
13536
5632
30184
12400
19720
5320
14304
32408
16424
1648
6416
11336
10848
9264
24816
20736
24544
22856
20304
10904
20968
10872
23616
30464
19632
23984
13784
19968
6440
24632
29328
11240
27712
20392
7984
16936
28632
18480
23736
31104
28728
20680
16400
17352
19360
27080
26832
32480
25376
19632
16952
29200
29672
23920
25664
24064
9896
12384
7736
11336
15440
19680
30392
6904
26952
4272
9136
28512
14816
25096
26016
12888
12032
15408
8968
28608
20792
6896
22312
30600
22696
23312
29448
26248
10144
29192
23128
9536
7224
18912
27256
31592
17128
8504
24504
25088
8384
31416
25016
17184
15744
7648
27264
22776
26376
15224
28496
27456
31424
18360
28648
32008
8960
24288
14096
20048
8832
19344
21160
28856
28400
21272
25056
13248
15576
11840
27952
28360
21408
29712
28000
27536
32456
26256
18840
21672
22480
19088
32584
32496
26664
14256
17112
29104
13272
9208
23992
13192
11288
12272
25880
16192
32744
32616
30272
13904
27472
14136
18912
30024
26704
12424
27480
12560
9240
32512
28792
20000
16040
27592
27688
10248
28248
18624
20192
23352
22832
21280
13888
29872
27064
15464
7296
20096
7688
21912
26936
29096
29976
18648
14552
22024
31232
24280
25920
15208
9984
10736
7064
31760
24152
10880
29520
18560
26648
26704
18936
20000
29960
24656
28096
19440
24672
22016
27832
27888
30696
27560
30272
22288
27584
19744
23032
29800
26888
15536
23960
12120
26384
25384
17800
15376
15512
17808
30144
26120
25536
32560
27880
23080
26888
32136
31496
27952
21920
23064
28768
29872
15864
27088
13616
15384
23112
26056
15480
27760
17800
28384
26952
16024
29456
14568
17656
20336
10960
28704
18200
31712
31160
12808
22656
13384
10576
11952
8272
29840
23376
29752
31056
24280
25680
20768
27696
25624
12936
22032
29872
22680
32224
32632
30608
27000
28104
29760
29240
18232
24736
26416
27984
30544
28672
13048
16912
16640
19248
30248
24120
19616
29400
31144
32368
29232
24528
30008
23032
12864
28264
21936
13848
13672
14440
19984
27360
31424
27504
21800
32296
20088
31632
25168
14816
30232
26104
28496
20504
20072
32056
30304
26704
32464
31904
26680
32560
25520
25856
31248
30416
32592
21848
27904
23208
28776
31072
25704
26456
29880
16600
25608
16840
16104
27960
24848
29064
21592
27568
12128
20128
14376
29576
29304
30872
14680
18224
20584
28224
30488
30656
31056
16024
17200
19512
20776
23848
13312
31376
29312
14608
21464
17136
20016
16088
19400
29880
24264
25976
30096
16200
30648
27520
27472
29280
31040
29952
32000
27456
31048
27400
28832
18656
24496
19632
25768
18592
27528
29840
30696
29448
31464
31032
26744
32632
26208
30304
24480
23024
31344
17816
15744
31728
19560
25440
21352
31312
22048
25872
31864
32128
23032
25776
24440
27056
26112
26184
32568
25232 904
26368
26184
22728
23344
18480
31576
28152
32104
29064
28400
32440
25616
31016
32240
26320
32072
28160
29392
21688
22408
31280
31936
31720
21296
25840
32384
30680
27576
32312
32192
28616
31448
28880
29104
31720
32328
20328
2592
13352
24040
6640
17624
26240
12472
11880
21680
32760
4016
7168
464
11328
18112
10016
9192
18912
24432
4176
5784
5080
26080
30784
11168
16192
17768
448
22208
28112
19576
25680
14344
5592
3144
17248
19160
8992
7928
6304
13464
20288
23424
24832
23696
8368
14136
14136
1264
13096
25904
4432
5784
28120
28184
28504
9992
30544
19472
11440
8416
14440
18944
11024
26408
12280
19208
4544
4688
28088
30072
10632
13944
16400
17216
8600
20536
27048
28016
26288
9136
9800
7272
8408
28040
8472
31656
7280
8000
22600
29456
32328
30976
11808
8896
27328
15904
14576
12656
8576
26824
5976
5000
10792
9240
21768
3808
10208
31936
30016
13872
25240
19480
24600
29840
10000
10000
2280
2888
30416
29752
21992
19856
12208
30904
26104
23896
10832
17000
24376
3184
10136
14600
24072
32248
28200
28232
31928
30104
23064
15880
29504
22656
8520
19384
9816
26440
27560
27168
21712
23696
26056
11272
8688
25240
21888
1656
26904
5904
9600
27336
30968
7488
6808
16176
22472
27016
19752
7808
31640
24224
14480
30128
21752
24824
8320
19424
19360
3584
26320
21408
30632
17984
22272
1656
22168
22096
25200
2760
6040
18568
27000
10920
25800
5520
12448
29880
28800
24904
22672
26544
11328
6088
21808
11648
15800
12856
12248
29248
31120
31936
21824
30800
30248
29104
18152
25640
32384
6040
10936
13232
5792
16888
7496
14024
17232
31128
22408
24560
27240
27008
13072
16408
8968
11104
11824
23512
30432
8768
8864
15696
28976
30264
28064
25032
24472
12768
27152
13536
5632
30184
12400
19720
5320
14304
32408
16424
1648
6416
11336
10848
9264
24816
20736
24544
22856
20304
10904
20968
10872
23616
30464
19632
23984
13784
19968
6440
24632
29328
11240
27712
20392
7984
16936
28632
18480
23736
31104
28728
20680
16400
17352
19360
27080
26832
32480
25376
19632
16952
29200
29672
23920
25664
24064
9896
12384
7736
11336
15440
19680
30392
6904
26952
4272
9136
28512
14816
25096
26016
12888
12032
15408
8968
28608
20792
6896
22312
30600
22696
23312
29448
26248
10144
29192
23128
9536
7224
18912
27256
31592
17128
8504
24504
25088
8384
31416
25016
17184
15744
7648
27264
22776
26376
15224
28496
27456
31424
18360
28648
32008
8960
24288
14096
20048
8832
19344
21160
28856
28400
21272
25056
13248
15576
11840
27952
28360
21408
29712
28000
27536
32456
26256
18840
21672
22480
19088
32584
32496
26664
14256
17112
29104
13272
9208
23992
13192
11288
12272
25880
16192
32744
32616
30272
13904
27472
14136
18912
30024
26704
12424
27480
12560
9240
32512
28792
20000
16040
27592
27688
10248
28248
18624
20192
23352
22832
21280
13888
29872
27064
15464
7296
20096
7688
21912
26936
29096
29976
18648
14552
22024
31232
24280
25920
15208
9984
10736
7064
31760
24152
10880
29520
18560
26648
26704
18936
20000
29960
24656
28096
19440
24672
22016
27832
27888
30696
27560
30272
22288
27584
19744
23032
29800
26888
15536
23960
12120
26384
25384
17800
15376
15512
17808
30144
26120
25536
32560
27880
23080
26888
32136
31496
27952
21920
23064
28768
29872
15864
27088
13616
15384
23112
26056
15480
27760
17800
28384
26952
16024
29456
14568
17656
20336
10960
28704
18200
31712
31160
12808
22656
13384
10576
11952
8272
29840
23376
29752
31056
24280
25680
20768
27696
25624
12936
22032
29872
22680
32224
32632
30608
27000
28104
29760
29240
18232
24736
26416
27984
30544
28672
13048
16912
16640
19248
30248
24120
19616
29400
31144
32368
29232
24528
30008
23032
12864
28264
21936
13848
13672
14440
19984
27360
31424
27504
21800
32296
20088
31632
25168
14816
30232
26104
28496
20504
20072
32056
30304
26704
32464
31904
26680
32560
25520
25856
31248
30416
32592
21848
27904
23208
28776
31072
25704
26456
29880
16600
25608
16840
16104
27960
24848
29064
21592
27568
12128
20128
14376
29576
29304
30872
14680
18224
20584
28224
30488
30656
31056
16024
17200
19512
20776
23848
13312
31376
29312
14608
21464
17136
20016
16088
19400
29880
24264
25976
30096
16200
30648
27520
27472
29280
31040
29952
32000
27456
31048
27400
28832
18656
24496
19632
25768
18592
27528
29840
30696
29448
31464
31032
26744
32632
26208
30304
24480
23024
31344
17816
15744
31728
19560
25440
21352
31312
22048
25872
31864
32128
23032
25776
24440
27056
26112
26184
32568
25232 904
26368
26184
22728
23344
18480
31576
28152
32104
29064
28400
32440
25616
31016
32240
26320
32072
28160
29392
21688
22408
31280
31936
31720
21296
25840
32384
30680
27576
32312
32192
28616
31448
28880
29104
31720
32328
20328
2592
13352
24040
6640
17624
26240
12472
11880
21680
32760
4016
7168
464
11328
18112
10016
9192
18912
24432
4176
5784
5080
26080
30784
11168
16192
17768
448
22208
28112
19576
25680
14344
5592
3144
17248
19160
8992
7928
6304
13464
20288
23424
24832
23696
8368
14136
14136
1264
13096
25904
4432
5784
28120
28184
28504
9992
30544
19472
11440
8416
14440
18944
11024
26408
12280
19208
4544
4688
28088
30072
10632
13944
16400
17216
8600
20536
27048
28016
26288
9136
9800
7272
8408
28040
8472
31656
7280
8000
22600
29456
32328
30976
11808
8896
27328
15904
14576
12656
8576
26824
5976
5000
10792
9240
21768
3808
10208
31936
30016
13872
25240
19480
24600
29840
10000
10000
2280
2888
30416
29752
21992
19856
12208
30904
26104
23896
10832
17000
24376
3184
10136
14600
24072
32248
28200
28232
31928
30104
23064
15880
29504
22656
8520
19384
9816
26440
27560
27168
21712
23696
26056
11272
8688
25240
21888
1656
26904
5904
9600
27336
30968
7488
6808
16176
22472
27016
19752
7808
31640
24224
14480
30128
21752
24824
8320
19424
19360
3584
26320
21408
30632
17984
22272
1656
22168
22096
25200
2760
6040
18568
27000
10920
25800
5520
12448
29880
28800
24904
22672
26544
11328
6088
21808
11648
15800
12856
12248
29248
31120
31936
21824
30800
30248
29104
18152
25640
32384
6040
10936
13232
5792
16888
7496
14024
17232
31128
22408
24560
27240
27008
13072
16408
8968
11104
11824
23512
30432
8768
8864
15696
28976
30264
28064
25032
24472
12768
27152
13536
5632
30184
12400
19720
5320
14304
32408
16424
1648
6416
11336
10848
9264
24816
20736
24544
22856
20304
10904
20968
10872
23616
30464
19632
23984
13784
19968
6440
24632
29328
11240
27712
20392
7984
16936
28632
18480
23736
31104
28728
20680
16400
17352
19360
27080
26832
32480
25376
19632
16952
29200
29672
23920
25664
24064
9896
12384
7736
11336
15440
19680
30392
6904
26952
4272
9136
28512
14816
25096
26016
12888
12032
15408
8968
28608
20792
6896
22312
30600
22696
23312
29448
26248
10144
29192
23128
9536
7224
18912
27256
31592
17128
8504
24504
25088
8384
31416
25016
17184
15744
7648
27264
22776
26376
15224
28496
27456
31424
18360
28648
32008
8960
24288
14096
20048
8832
19344
21160
28856
28400
21272
25056
13248
15576
11840
27952
28360
21408
29712
28000
27536
32456
26256
18840
21672
22480
19088
32584
32496
26664
14256
17112
29104
13272
9208
23992
13192
11288
12272
25880
16192
32744
32616
30272
13904
27472
14136
18912
30024
26704
12424
27480
12560
9240
32512
28792
20000
16040
27592
27688
10248
28248
18624
20192
23352
22832
21280
13888
29872
27064
15464
7296
20096
7688
21912
26936
29096
29976
18648
14552
22024
31232
24280
25920
15208
9984
10736
7064
31760
24152
10880
29520
18560
26648
26704
18936
20000
29960
24656
28096
19440
24672
22016
27832
27888
30696
27560
30272
22288
27584
19744
23032
29800
26888
15536
23960
12120
26384
25384
17800
15376
15512
17808
30144
26120
25536
32560
27880
23080
26888
32136
31496
27952
21920
23064
28768
29872
15864
27088
13616
15384
23112
26056
15480
27760
17800
28384
26952
16024
29456
14568
17656
20336
10960
28704
18200
31712
31160
12808
22656
13384
10576
11952
8272
29840
23376
29752
31056
24280
25680
20768
27696
25624
12936
22032
29872
22680
32224
32632
30608
27000
28104
29760
29240
18232
24736
26416
27984
30544
28672
13048
16912
16640
19248
30248
24120
19616
29400
31144
32368
29232
24528
30008
23032
12864
28264
21936
13848
13672
14440
19984
27360
31424
27504
21800
32296
20088
31632
25168
14816
30232
26104
28496
20504
20072
32056
30304
26704
32464
31904
26680
32560
25520
25856
31248
30416
32592
21848
27904
23208
28776
31072
25704
26456
29880
16600
25608
16840
16104
27960
24848
29064
21592
27568
12128
20128
14376
29576
29304
30872
14680
18224
20584
28224
30488
30656
31056
16024
17200
19512
20776
23848
13312
31376
29312
14608
21464
17136
20016
16088
19400
29880
24264
25976
30096
16200
30648
27520
27472
29280
31040
29952
32000
27456
31048
27400
28832
18656
24496
19632
25768
18592
27528
29840
30696
29448
31464
31032
26744
32632
26208
30304
24480
23024
31344
17816
15744
31728
19560
25440
21352
31312
22048
25872
31864
32128
23032
25776
24440
27056
26112
26184
32568
25232 904
26368
26184
22728
23344
18480
31576
28152
32104
29064
28400
32440
25616
31016
32240
26320
32072
28160
29392
21688
22408
31280
31936
31720
21296
25840
32384
30680
27576
32312
32192
28616
31448
28880
29104
31720
32328
20328
2592
13352
24040
6640
17624
26240
12472
11880
21680
32760
4016
7168
464
11328
18112
10016
9192
18912
24432
4176
5784
5080
26080
30784
11168
16192
17768
448
22208
28112
19576
25680
14344
5592
3144
17248
19160
8992
7928
6304
13464
20288
23424
24832
23696
8368
14136
14136
1264
13096
25904
4432
5784
28120
28184
28504
9992
30544
19472
11440
8416
14440
18944
11024
26408
12280
19208
4544
4688
28088
30072
10632
13944
16400
17216
8600
20536
27048
28016
26288
9136
9800
7272
8408
28040
8472
31656
7280
8000
22600
29456
32328
30976
11808
8896
27328
15904
14576
12656
8576
26824
5976
5000
10792
9240
21768
3808
10208
31936
30016
13872
25240
19480
24600
29840
10000
10000
2280
2888
30416
29752
21992
19856
12208
30904
26104
23896
10832
17000
24376
3184
10136
14600
24072
32248
28200
28232
31928
30104
23064
15880
29504
22656
8520
19384
9816
26440
27560
27168
21712
23696
26056
11272
8688
25240
21888
1656
26904
5904
9600
27336
30968
7488
6808
16176
22472
27016
19752
7808
31640
24224
14480
30128
21752
24824
8320
19424
19360
3584
26320
21408
30632
17984
22272
1656
22168
22096
25200
2760
6040
18568
27000
10920
25800
5520
12448
29880
28800
24904
22672
26544
11328
6088
21808
11648
15800
12856
12248
29248
31120
31936
21824
30800
30248
29104
18152
25640
32384
6040
10936
13232
5792
16888
7496
14024
17232
31128
22408
24560
27240
27008
13072
16408
8968
11104
11824
23512
30432
8768
8864
15696
28976
30264
28064
25032
24472
12768
27152
13536
5632
30184
12400
19720
5320
14304
32408
16424
1648
6416
11336
10848
9264
24816
20736
24544
22856
20304
10904
20968
10872
23616
30464
19632
23984
13784
19968
6440
24632
29328
11240
27712
20392
7984
16936
28632
18480
23736
31104
28728
20680
16400
17352
19360
27080
26832
32480
25376
19632
16952
29200
29672
23920
25664
24064
9896
12384
7736
11336
15440
19680
30392
6904
26952
4272
9136
28512
14816
25096
26016
12888
12032
15408
8968
28608
20792
6896
22312
30600
22696
23312
29448
26248
10144
29192
23128
9536
7224
18912
27256
31592
17128
8504
24504
25088
8384
31416
25016
17184
15744
7648
27264
22776
26376
15224
28496
27456
31424
18360
28648
32008
8960
24288
14096
20048
8832
19344
21160
28856
28400
21272
25056
13248
15576
11840
27952
28360
21408
29712
28000
27536
32456
26256
18840
21672
22480
19088
32584
32496
26664
14256
17112
29104
13272
9208
23992
13192
11288
12272
25880
16192
32744
32616
30272
13904
27472
14136
18912
30024
26704
12424
27480
12560
9240
32512
28792
20000
16040
27592
27688
10248
28248
18624
20192
23352
22832
21280
13888
29872
27064
15464
7296
20096
7688
21912
26936
29096
29976
18648
14552
22024
31232
24280
25920
15208
9984
10736
7064
31760
24152
10880
29520
18560
26648
26704
18936
20000
29960
24656
28096
19440
24672
22016
27832
27888
30696
27560
30272
22288
27584
19744
23032
29800
26888
15536
23960
12120
26384
25384
17800
15376
15512
17808
30144
26120
25536
32560
27880
23080
26888
32136
31496
27952
21920
23064
28768
29872
15864
27088
13616
15384
23112
26056
15480
27760
17800
28384
26952
16024
29456
14568
17656
20336
10960
28704
18200
31712
31160
12808
22656
13384
10576
11952
8272
29840
23376
29752
31056
24280
25680
20768
27696
25624
12936
22032
29872
22680
32224
32632
30608
27000
28104
29760
29240
18232
24736
26416
27984
30544
28672
13048
16912
16640
19248
30248
24120
19616
29400
31144
32368
29232
24528
30008
23032
12864
28264
21936
13848
13672
14440
19984
27360
31424
27504
21800
32296
20088
31632
25168
14816
30232
26104
28496
20504
20072
32056
30304
26704
32464
31904
26680
32560
25520
25856
31248
30416
32592
21848
27904
23208
28776
31072
25704
26456
29880
16600
25608
16840
16104
27960
24848
29064
21592
27568
12128
20128
14376
29576
29304
30872
14680
18224
20584
28224
30488
30656
31056
16024
17200
19512
20776
23848
13312
31376
29312
14608
21464
17136
20016
16088
19400
29880
24264
25976
30096
16200
30648
27520
27472
29280
31040
29952
32000
27456
31048
27400
28832
18656
24496
19632
25768
18592
27528
29840
30696
29448
31464
31032
26744
32632
26208
30304
24480
23024
31344
17816
15744
31728
19560
25440
21352
31312
22048
25872
31864
32128
23032
25776
24440
27056
26112
26184
32568
25232 904
26368
26184
22728
23344
18480
31576
28152
32104
29064
28400
32440
25616
31016
32240
26320
32072
28160
29392
21688
22408
31280
31936
31720
21296
25840
32384
30680
27576
32312
32192
28616
31448
28880
29104
31720
32328
20328
2592
13352
24040
6640
17624
26240
12472
11880
21680
32760
4016
7168
464
11328
18112
10016
9192
18912
24432
4176
5784
5080
26080
30784
11168
16192
17768
448
22208
28112
19576
25680
14344
5592
3144
17248
19160
8992
7928
6304
13464
20288
23424
24832
23696
8368
14136
14136
1264
13096
25904
4432
5784
28120
28184
28504
9992
30544
19472
11440
8416
14440
18944
11024
26408
12280
19208
4544
4688
28088
30072
10632
13944
16400
17216
8600
20536
27048
28016
26288
9136
9800
7272
8408
28040
8472
31656
7280
8000
22600
29456
32328
30976
11808
8896
27328
15904
14576
12656
8576
26824
5976
5000
10792
9240
21768
3808
10208
31936
30016
13872
25240
19480
24600
29840
10000
10000
2280
2888
30416
29752
21992
19856
12208
30904
26104
23896
10832
17000
24376
3184
10136
14600
24072
32248
28200
28232
31928
30104
23064
15880
29504
22656
8520
19384
9816
26440
27560
27168
21712
23696
26056
11272
8688
25240
21888
1656
26904
5904
9600
27336
30968
7488
6808
16176
22472
27016
19752
7808
31640
24224
14480
30128
21752
24824
8320
19424
19360
3584
26320
21408
30632
17984
22272
1656
22168
22096
25200
2760
6040
18568
27000
10920
25800
5520
12448
29880
28800
24904
22672
26544
11328
6088
21808
11648
15800
12856
12248
29248
31120
31936
21824
30800
30248
29104
18152
25640
32384
6040
10936
13232
5792
16888
7496
14024
17232
31128
22408
24560
27240
27008
13072
16408
8968
11104
11824
23512
30432
8768
8864
15696
28976
30264
28064
25032
24472
12768
27152
13536
5632
30184
12400
19720
5320
14304
32408
16424
1648
6416
11336
10848
9264
24816
20736
24544
22856
20304
10904
20968
10872
23616
30464
19632
23984
13784
19968
6440
24632
29328
11240
27712
20392
7984
16936
28632
18480
23736
31104
28728
20680
16400
17352
19360
27080
26832
32480
25376
19632
16952
29200
29672
23920
25664
24064
9896
12384
7736
11336
15440
19680
30392
6904
26952
4272
9136
28512
14816
25096
26016
12888
12032
15408
8968
28608
20792
6896
22312
30600
22696
23312
29448
26248
10144
29192
23128
9536
7224
18912
27256
31592
17128
8504
24504
25088
8384
31416
25016
17184
15744
7648
27264
22776
26376
15224
28496
27456
31424
18360
28648
32008
8960
24288
14096
20048
8832
19344
21160
28856
28400
21272
25056
13248
15576
11840
27952
28360
21408
29712
28000
27536
32456
26256
18840
21672
22480
19088
32584
32496
26664
14256
17112
29104
13272
9208
23992
13192
11288
12272
25880
16192
32744
32616
30272
13904
27472
14136
18912
30024
26704
12424
27480
12560
9240
32512
28792
20000
16040
27592
27688
10248
28248
18624
20192
23352
22832
21280
13888
29872
27064
15464
7296
20096
7688
21912
26936
29096
29976
18648
14552
22024
31232
24280
25920
15208
9984
10736
7064
31760
24152
10880
29520
18560
26648
26704
18936
20000
29960
24656
28096
19440
24672
22016
27832
27888
30696
27560
30272
22288
27584
19744
23032
29800
26888
15536
23960
12120
26384
25384
17800
15376
15512
17808
30144
26120
25536
32560
27880
23080
26888
32136
31496
27952
21920
23064
28768
29872
15864
27088
13616
15384
23112
26056
15480
27760
17800
28384
26952
16024
29456
14568
17656
20336
10960
28704
18200
31712
31160
12808
22656
13384
10576
11952
8272
29840
23376
29752
31056
24280
25680
20768
27696
25624
12936
22032
29872
22680
32224
32632
30608
27000
28104
29760
29240
18232
24736
26416
27984
30544
28672
13048
16912
16640
19248
30248
24120
19616
29400
31144
32368
29232
24528
30008
23032
12864
28264
21936
13848
13672
14440
19984
27360
31424
27504
21800
32296
20088
31632
25168
14816
30232
26104
28496
20504
20072
32056
30304
26704
32464
31904
26680
32560
25520
25856
31248
30416
32592
21848
27904
23208
28776
31072
25704
26456
29880
16600
25608
16840
16104
27960
24848
29064
21592
27568
12128
20128
14376
29576
29304
30872
14680
18224
20584
28224
30488
30656
31056
16024
17200
19512
20776
23848
13312
31376
29312
14608
21464
17136
20016
16088
19400
29880
24264
25976
30096
16200
30648
27520
27472
29280
31040
29952
32000
27456
31048
27400
28832
18656
24496
19632
25768
18592
27528
29840
30696
29448
31464
31032
26744
32632
26208
30304
24480
23024
31344
17816
15744
31728
19560
25440
21352
31312
22048
25872
31864
32128
23032
25776
24440
27056
26112
26184
32568
25232 904
26368
26184
22728
23344
18480
31576
28152
32104
29064
28400
32440
25616
31016
32240
26320
32072
28160
29392
21688
22408
31280
31936
31720
21296
25840
32384
30680
27576
32312
32192
28616
31448
28880
29104
31720
32328
20328
2592
13352
24040
6640
17624
26240
12472
11880
21680
32760
4016
7168
464
11328
18112
10016
9192
18912
24432
4176
5784
5080
26080
30784
11168
16192
17768
448
22208
28112
19576
25680
14344
5592
3144
17248
19160
8992
7928
6304
13464
20288
23424
24832
23696
8368
14136
14136
1264
13096
25904
4432
5784
28120
28184
28504
9992
30544
19472
11440
8416
14440
18944
11024
26408
12280
19208
4544
4688
28088
30072
10632
13944
16400
17216
8600
20536
27048
28016
26288
9136
9800
7272
8408
28040
8472
31656
7280
8000
22600
29456
32328
30976
11808
8896
27328
15904
14576
12656
8576
26824
5976
5000
10792
9240
21768
3808
10208
31936
30016
13872
25240
19480
24600
29840
10000
10000
2280
2888
30416
29752
21992
19856
12208
30904
26104
23896
10832
17000
24376
3184
10136
14600
24072
32248
28200
28232
31928
30104
23064
15880
29504
22656
8520
19384
9816
26440
27560
27168
21712
23696
26056
11272
8688
25240
21888
1656
26904
5904
9600
27336
30968
7488
6808
16176
22472
27016
19752
7808
31640
24224
14480
30128
21752
24824
8320
19424
19360
3584
26320
21408
30632
17984
22272
1656
22168
22096
25200
2760
6040
18568
27000
10920
25800
5520
12448
29880
28800
24904
22672
26544
11328
6088
21808
11648
15800
12856
12248
29248
31120
31936
21824
30800
30248
29104
18152
25640
32384
6040
10936
13232
5792
16888
7496
14024
17232
31128
22408
24560
27240
27008
13072
16408
8968
11104
11824
23512
30432
8768
8864
15696
28976
30264
28064
25032
24472
12768
27152
13536
5632
30184
12400
19720
5320
14304
32408
16424
1648
6416
11336
10848
9264
24816
20736
24544
22856
20304
10904
20968
10872
23616
30464
19632
23984
13784
19968
6440
24632
29328
11240
27712
20392
7984
16936
28632
18480
23736
31104
28728
20680
16400
17352
19360
27080
26832
32480
25376
19632
16952
29200
29672
23920
25664
24064
9896
12384
7736
11336
15440
19680
30392
6904
26952
4272
9136
28512
14816
25096
26016
12888
12032
15408
8968
28608
20792
6896
22312
30600
22696
23312
29448
26248
10144
29192
23128
9536
7224
18912
27256
31592
17128
8504
24504
25088
8384
31416
25016
17184
15744
7648
27264
22776
26376
15224
28496
27456
31424
18360
28648
32008
8960
24288
14096
20048
8832
19344
21160
28856
28400
21272
25056
13248
15576
11840
27952
28360
21408
29712
28000
27536
32456
26256
18840
21672
22480
19088
32584
32496
26664
14256
17112
29104
13272
9208
23992
13192
11288
12272
25880
16192
32744
32616
30272
13904
27472
14136
18912
30024
26704
12424
27480
12560
9240
32512
28792
20000
16040
27592
27688
10248
28248
18624
20192
23352
22832
21280
13888
29872
27064
15464
7296
20096
7688
21912
26936
29096
29976
18648
14552
22024
31232
24280
25920
15208
9984
10736
7064
31760
24152
10880
29520
18560
26648
26704
18936
20000
29960
24656
28096
19440
24672
22016
27832
27888
30696
27560
30272
22288
27584
19744
23032
29800
26888
15536
23960
12120
26384
25384
17800
15376
15512
17808
30144
26120
25536
32560
27880
23080
26888
32136
31496
27952
21920
23064
28768
29872
15864
27088
13616
15384
23112
26056
15480
27760
17800
28384
26952
16024
29456
14568
17656
20336
10960
28704
18200
31712
31160
12808
22656
13384
10576
11952
8272
29840
23376
29752
31056
24280
25680
20768
27696
25624
12936
22032
29872
22680
32224
32632
30608
27000
28104
29760
29240
18232
24736
26416
27984
30544
28672
13048
16912
16640
19248
30248
24120
19616
29400
31144
32368
29232
24528
30008
23032
12864
28264
21936
13848
13672
14440
19984
27360
31424
27504
21800
32296
20088
31632
25168
14816
30232
26104
28496
20504
20072
32056
30304
26704
32464
31904
26680
32560
25520
25856
31248
30416
32592
21848
27904
23208
28776
31072
25704
26456
29880
16600
25608
16840
16104
27960
24848
29064
21592
27568
12128
20128
14376
29576
29304
30872
14680
18224
20584
28224
30488
30656
31056
16024
17200
19512
20776
23848
13312
31376
29312
14608
21464
17136
20016
16088
19400
29880
24264
25976
30096
16200
30648
27520
27472
29280
31040
29952
32000
27456
31048
27400
28832
18656
24496
19632
25768
18592
27528
29840
30696
29448
31464
31032
26744
32632
26208
30304
24480
23024
31344
17816
15744
31728
19560
25440
21352
31312
22048
25872
31864
32128
23032
25776
24440
27056
26112
26184
32568
25232 904
26368
26184
22728
23344
18480
31576
28152
32104
29064
28400
32440
25616
31016
32240
26320
32072
28160
29392
21688
22408
31280
31936
31720
21296
25840
32384
30680
27576
32312
32192
28616
31448
28880
29104
31720
32328
20328
2592
13352
24040
6640
17624
26240
12472
11880
21680
32760
4016
7168
464
11328
18112
10016
9192
18912
24432
4176
5784
5080
26080
30784
11168
16192
17768
448
22208
28112
19576
25680
14344
5592
3144
17248
19160
8992
7928
6304
13464
20288
23424
24832
23696
8368
14136
14136
1264
13096
25904
4432
5784
28120
28184
28504
9992
30544
19472
11440
8416
14440
18944
11024
26408
12280
19208
4544
4688
28088
30072
10632
13944
16400
17216
8600
20536
27048
28016
26288
9136
9800
7272
8408
28040
8472
31656
7280
8000
22600
29456
32328
30976
11808
8896
27328
15904
14576
12656
8576
26824
5976
5000
10792
9240
21768
3808
10208
31936
30016
13872
25240
19480
24600
29840
10000
10000
2280
2888
30416
29752
21992
19856
12208
30904
26104
23896
10832
17000
24376
3184
10136
14600
24072
32248
28200
28232
31928
30104
23064
15880
29504
22656
8520
19384
9816
26440
27560
27168
21712
23696
26056
11272
8688
25240
21888
1656
26904
5904
9600
27336
30968
7488
6808
16176
22472
27016
19752
7808
31640
24224
14480
30128
21752
24824
8320
19424
19360
3584
26320
21408
30632
17984
22272
1656
22168
22096
25200
2760
6040
18568
27000
10920
25800
5520
12448
29880
28800
24904
22672
26544
11328
6088
21808
11648
15800
12856
12248
29248
31120
31936
21824
30800
30248
29104
18152
25640
32384
6040
10936
13232
5792
16888
7496
14024
17232
31128
22408
24560
27240
27008
13072
16408
8968
11104
11824
23512
30432
8768
8864
15696
28976
30264
28064
25032
24472
12768
27152
13536
5632
30184
12400
19720
5320
14304
32408
16424
1648
6416
11336
10848
9264
24816
20736
24544
22856
20304
10904
20968
10872
23616
30464
19632
23984
13784
19968
6440
24632
29328
11240
27712
20392
7984
16936
28632
18480
23736
31104
28728
20680
16400
17352
19360
27080
26832
32480
25376
19632
16952
29200
29672
23920
25664
24064
9896
12384
7736
11336
15440
19680
30392
6904
26952
4272
9136
28512
14816
25096
26016
12888
12032
15408
8968
28608
20792
6896
22312
30600
22696
23312
29448
26248
10144
29192
23128
9536
7224
18912
27256
31592
17128
8504
24504
25088
8384
31416
25016
17184
15744
7648
27264
22776
26376
15224
28496
27456
31424
18360
28648
32008
8960
24288
14096
20048
8832
19344
21160
28856
28400
21272
25056
13248
15576
11840
27952
28360
21408
29712
28000
27536
32456
26256
18840
21672
22480
19088
32584
32496
26664
14256
17112
29104
13272
9208
23992
13192
11288
12272
25880
16192
32744
32616
30272
13904
27472
14136
18912
30024
26704
12424
27480
12560
9240
32512
28792
20000
16040
27592
27688
10248
28248
18624
20192
23352
22832
21280
13888
29872
27064
15464
7296
20096
7688
21912
26936
29096
29976
18648
14552
22024
31232
24280
25920
15208
9984
10736
7064
31760
24152
10880
29520
18560
26648
26704
18936
20000
29960
24656
28096
19440
24672
22016
27832
27888
30696
27560
30272
22288
27584
19744
23032
29800
26888
15536
23960
12120
26384
25384
17800
15376
15512
17808
30144
26120
25536
32560
27880
23080
26888
32136
31496
27952
21920
23064
28768
29872
15864
27088
13616
15384
23112
26056
15480
27760
17800
28384
26952
16024
29456
14568
17656
20336
10960
28704
18200
31712
31160
12808
22656
13384
10576
11952
8272
29840
23376
29752
31056
24280
25680
20768
27696
25624
12936
22032
29872
22680
32224
32632
30608
27000
28104
29760
29240
18232
24736
26416
27984
30544
28672
13048
16912
16640
19248
30248
24120
19616
29400
31144
32368
29232
24528
30008
23032
12864
28264
21936
13848
13672
14440
19984
27360
31424
27504
21800
32296
20088
31632
25168
14816
30232
26104
28496
20504
20072
32056
30304
26704
32464
31904
26680
32560
25520
25856
31248
30416
32592
21848
27904
23208
28776
31072
25704
26456
29880
16600
25608
16840
16104
27960
24848
29064
21592
27568
12128
20128
14376
29576
29304
30872
14680
18224
20584
28224
30488
30656
31056
16024
17200
19512
20776
23848
13312
31376
29312
14608
21464
17136
20016
16088
19400
29880
24264
25976
30096
16200
30648
27520
27472
29280
31040
29952
32000
27456
31048
27400
28832
18656
24496
19632
25768
18592
27528
29840
30696
29448
31464
31032
26744
32632
26208
30304
24480
23024
31344
17816
15744
31728
19560
25440
21352
31312
22048
25872
31864
32128
23032
25776
24440
27056
26112
26184
32568
25232 904
26368
26184
22728
23344
18480
31576
28152
32104
29064
28400
32440
25616
31016
32240
26320
32072
28160
29392
21688
22408
31280
31936
31720
21296
25840
32384
30680
27576
32312
32192
28616
31448
28880
29104
31720
32328
20328
2592
13352
24040
6640
17624
26240
12472
11880
21680
32760
4016
7168
464
11328
18112
10016
9192
18912
24432
4176
5784
5080
26080
30784
11168
16192
17768
448
22208
28112
19576
25680
14344
5592
3144
17248
19160
8992
7928
6304
13464
20288
23424
24832
23696
8368
14136
14136
1264
13096
25904
4432
5784
28120
28184
28504
9992
30544
19472
11440
8416
14440
18944
11024
26408
12280
19208
4544
4688
28088
30072
10632
13944
16400
17216
8600
20536
27048
28016
26288
9136
9800
7272
8408
28040
8472
31656
7280
8000
22600
29456
32328
30976
11808
8896
27328
15904
14576
12656
8576
26824
5976
5000
10792
9240
21768
3808
10208
31936
30016
13872
25240
19480
24600
29840
10000
10000
2280
2888
30416
29752
21992
19856
12208
30904
26104
23896
10832
17000
24376
3184
10136
14600
24072
32248
28200
28232
31928
30104
23064
15880
29504
22656
8520
19384
9816
26440
27560
27168
21712
23696
26056
11272
8688
25240
21888
1656
26904
5904
9600
27336
30968
7488
6808
16176
22472
27016
19752
7808
31640
24224
14480
30128
21752
24824
8320
19424
19360
3584
26320
21408
30632
17984
22272
1656
22168
22096
25200
2760
6040
18568
27000
10920
25800
5520
12448
29880
28800
24904
22672
26544
11328
6088
21808
11648
15800
12856
12248
29248
31120
31936
21824
30800
30248
29104
18152
25640
32384
6040
10936
13232
5792
16888
7496
14024
17232
31128
22408
24560
27240
27008
13072
16408
8968
11104
11824
23512
30432
8768
8864
15696
28976
30264
28064
25032
24472
12768
27152
13536
5632
30184
12400
19720
5320
14304
32408
16424
1648
6416
11336
10848
9264
24816
20736
24544
22856
20304
10904
20968
10872
23616
30464
19632
23984
13784
19968
6440
24632
29328
11240
27712
20392
7984
16936
28632
18480
23736
31104
28728
20680
16400
17352
19360
27080
26832
32480
25376
19632
16952
29200
29672
23920
25664
24064
9896
12384
7736
11336
15440
19680
30392
6904
26952
4272
9136
28512
14816
25096
26016
12888
12032
15408
8968
28608
20792
6896
22312
30600
22696
23312
29448
26248
10144
29192
23128
9536
7224
18912
27256
31592
17128
8504
24504
25088
8384
31416
25016
17184
15744
7648
27264
22776
26376
15224
28496
27456
31424
18360
28648
32008
8960
24288
14096
20048
8832
19344
21160
28856
28400
21272
25056
13248
15576
11840
27952
28360
21408
29712
28000
27536
32456
26256
18840
21672
22480
19088
32584
32496
26664
14256
17112
29104
13272
9208
23992
13192
11288
12272
25880
16192
32744
32616
30272
13904
27472
14136
18912
30024
26704
12424
27480
12560
9240
32512
28792
20000
16040
27592
27688
10248
28248
18624
20192
23352
22832
21280
13888
29872
27064
15464
7296
20096
7688
21912
26936
29096
29976
18648
14552
22024
31232
24280
25920
15208
9984
10736
7064
31760
24152
10880
29520
18560
26648
26704
18936
20000
29960
24656
28096
19440
24672
22016
27832
27888
30696
27560
30272
22288
27584
19744
23032
29800
26888
15536
23960
12120
26384
25384
17800
15376
15512
17808
30144
26120
25536
32560
27880
23080
26888
32136
31496
27952
21920
23064
28768
29872
15864
27088
13616
15384
23112
26056
15480
27760
17800
28384
26952
16024
29456
14568
17656
20336
10960
28704
18200
31712
31160
12808
22656
13384
10576
11952
8272
29840
23376
29752
31056
24280
25680
20768
27696
25624
12936
22032
29872
22680
32224
32632
30608
27000
28104
29760
29240
18232
24736
26416
27984
30544
28672
13048
16912
16640
19248
30248
24120
19616
29400
31144
32368
29232
24528
30008
23032
12864
28264
21936
13848
13672
14440
19984
27360
31424
27504
21800
32296
20088
31632
25168
14816
30232
26104
28496
20504
20072
32056
30304
26704
32464
31904
26680
32560
25520
25856
31248
30416
32592
21848
27904
23208
28776
31072
25704
26456
29880
16600
25608
16840
16104
27960
24848
29064
21592
27568
12128
20128
14376
29576
29304
30872
14680
18224
20584
28224
30488
30656
31056
16024
17200
19512
20776
23848
13312
31376
29312
14608
21464
17136
20016
16088
19400
29880
24264
25976
30096
16200
30648
27520
27472
29280
31040
29952
32000
27456
31048
27400
28832
18656
24496
19632
25768
18592
27528
29840
30696
29448
31464
31032
26744
32632
26208
30304
24480
23024
31344
17816
15744
31728
19560
25440
21352
31312
22048
25872
31864
32128
23032
25776
24440
27056
26112
26184
32568
25232 904
26368
26184
22728
23344
18480
31576
28152
32104
29064
28400
32440
25616
31016
32240
26320
32072
28160
29392
21688
22408
31280
31936
31720
21296
25840
32384
30680
27576
32312
32192
28616
31448
28880
29104
31720
32328
Perf index = 56 (util) + 22 (thru) = 78/100
